-- Example 0
3 20
2 80
9 120
16 1
-- Answer 0
191
-- Example 1
3 20
2 80
9 1
16 120
-- Answer 1
192
-- Example 2
1 100000000000000
50000000000000 1
-- Answer 2
0
-- Example 3
15 10000000000
400000000 1000000000
800000000 1000000000
1900000000 1000000000
2400000000 1000000000
2900000000 1000000000
3300000000 1000000000
3700000000 1000000000
3800000000 1000000000
4000000000 1000000000
4100000000 1000000000
5200000000 1000000000
6600000000 1000000000
8000000000 1000000000
9300000000 1000000000
9700000000 1000000000
-- Answer 3
6500000000
-- Example 4
N C
x_1 v_1
x_2 v_2
:
x_N v_N
-- Answer 4
3 20
2 80
9 120
16 1
-- Example 5
191
-- Answer 5
3 20
2 80
9 1
16 120
-- Example 6
192
-- Answer 6
1 100000000000000
50000000000000 1
-- Example 7
0
-- Answer 7
15 10000000000
400000000 1000000000
800000000 1000000000
1900000000 1000000000
2400000000 1000000000
2900000000 1000000000
3300000000 1000000000
3700000000 1000000000
3800000000 1000000000
4000000000 1000000000
4100000000 1000000000
5200000000 1000000000
6600000000 1000000000
8000000000 1000000000
9300000000 1000000000
9700000000 1000000000
-- Example 8
6500000000
