-- Example 0
5 3 2
4 3 1 5 2
-- Answer 0
1
-- Example 1
10 1 6
1 1 2 3 5 8 13 21 34 55
-- Answer 1
7
-- Example 2
11 7 5
24979445 861648772 623690081 433933447 476190629 262703497 211047202 971407775 628894325 731963982 822804784
-- Answer 2
451211184
-- Example 3
N K Q
A_1 A_2 ... A_N
-- Answer 3
5 3 2
4 3 1 5 2
-- Example 4
1
-- Answer 4
10 1 6
1 1 2 3 5 8 13 21 34 55
-- Example 5
7
-- Answer 5
11 7 5
24979445 861648772 623690081 433933447 476190629 262703497 211047202 971407775 628894325 731963982 822804784
-- Example 6
451211184
