-- Example 0
4 5
3 1
1 2
4 1
6 2
1 2
2 3
2 4
1 4
3 4
-- Answer 0
6
-- Example 1
5 8
6 4
15 13
15 19
15 1
20 7
1 3
1 4
1 5
2 3
2 4
2 5
3 5
4 5
-- Answer 1
44
-- Example 2
9 10
131 2
98 79
242 32
231 38
382 82
224 22
140 88
209 70
164 64
6 8
1 6
1 4
1 3
4 7
4 9
3 7
3 9
5 9
2 5
-- Answer 2
582
-- Example 3
N M
A_1 B_1
A_2 B_2
:
A_N B_N
U_1 V_1
U_2 V_2
:
U_M V_M
-- Answer 3
4 5
3 1
1 2
4 1
6 2
1 2
2 3
2 4
1 4
3 4
-- Example 4
6
-- Answer 4
5 8
6 4
15 13
15 19
15 1
20 7
1 3
1 4
1 5
2 3
2 4
2 5
3 5
4 5
-- Example 5
44
-- Answer 5
9 10
131 2
98 79
242 32
231 38
382 82
224 22
140 88
209 70
164 64
6 8
1 6
1 4
1 3
4 7
4 9
3 7
3 9
5 9
2 5
-- Example 6
582
